version https://git-lfs.github.com/spec/v1
oid sha256:bd1b9462a11bb36223343b658e66642fda917fa0608d1073b39f87ce9caee95b
size 2524492
