version https://git-lfs.github.com/spec/v1
oid sha256:e949383acc3bbff5d9ffcdc99ab63087f2dfffed2e5d2324c7cca72b3137d913
size 748288
