version https://git-lfs.github.com/spec/v1
oid sha256:bdcce3467f338b0cbc08a3a59f9fc70b069b2174b123f374ea7f446def9959a8
size 376736
